fase2 1
 1251.9 479 17.8939 0 0 2000 1 1 3 0.99 1 20 0 0 0.714634 0 1
formigueiro 1078 447 0 0 0 0 1 1 1 1
formigueiro 1805 447 0 0 0 0 1 1 1 1
formigueiro 2811 447 0 0 0 0 1 1 1 1
formigueiro 4485 447 0 0 0 0 1 1 1 1
plataforma 225 293.452 0 30 0 0 1 1 0 280
plataforma 2050 231.452 0 30 0 0 1 1 0 218
plataforma 2696 283.452 0 30 0 0 1 1 0 270
boitata 1498.76 479 5.38193 0 0 2000 0 2 9 0.99 1 2 0 2 1.12202
boitata 2298.76 479 5.38193 0 0 2000 0 2 9 0.99 1 3 1 3 1.12202
boitata 3098.76 479 5.38193 0 0 2000 0 2 9 0.99 1 1 2 1 1.12202
boitata 5498.75 479 5.38193 0 0 2000 0 2 9 0.99 1 3 3 3 1.12202
macaco 2296.1 479 100 0 0 2000 1 3 3 0 1 3 3 1.73457
macaco 2503.9 479 -100 0 0 2000 0 4 3 0 1 4 4 1.73457
macaco 225 227.452 0 0 0 0 0 3 3 0 1 3 3 1.73457
macaco 2050 165.452 0 0 0 0 0 3 3 0 1 3 3 1.73457
chao 0 605 0 0 0 2000 1 2 2
fireball 2173.42 432.34 -500 100.092 0 2000 0 3 1 3 0.050046
fireball 1373.42 432.34 -500 100.092 0 2000 0 2 1 2 0.050046
fireball 2973.42 432.34 -500 100.092 0 2000 0 1 1 1 0.050046
fireball 5373.42 432.34 -500 100.092 0 2000 0 3 1 3 0.050046
